0000000000000000607070000500000000007000000000000000007700000000002200000005040000000400200000011201
0011000011001000100110011100001100011000000011001010000111000101010100110100000100010100010100000001
0100011001010100101101101010010000001010000010011100000010001000101010010000000101000011010010010000
0101000000010000000101100000001111110011011010101000101001101001000111101000101000101011011111010110
0110000101000011000110001110011010001000110001010011101111000110110100101100110011100001011001110000
0011000101001000100110011100001100000001000011001000000111000101010100110100000100101001000001010000
0100000100000000111000101000100100100100110010111011101101000110001001111010100000010000001100110101
0011000001001000100110011100001000000000000011001000100111000101010100110100000100001101100010001000
0011000001001000100110111100001100000000000011001010000111001101010100110100000000000110010111010011
0000011110111100010111100010010000000111001100001000100010000010010000101001110011010000100001000101
0010001111110000111111001000110000100010001101000000001110001011000000010010000111000110000000001011
0000011010111000010111100010010000000101001100001000100010000010010000101001110011010000010010010000
0000010010010101000101010100001110000001001110001111100101000101000100111000001001110100000000001011
0010011111111000101111001000110000000000000111000000001111001011000000010000000101001011000110000001
0011000101001000100110011100001101000000000011001000000111000101010100110100000000100100101000111001
0010001111100000111111001000110000100010001101000000001110000011000000010110100111000000100110010001
0011000101001000100110111100001100000000000111001010000111000101010100110100000100001010000001000101
0011000001001000100110111100001100000000000111001010000111000101010100110100000000001011011111010110
0110000101000010000110000110011010001000110001010011101111000110110100101100110010101010000110010001
0101000001010000000101100000001111110011011010101000101001101000000111101000101001111000111001110000
0010011111111000101111001000110000000000000101000000001111001011000000010000000101100001011001110000
0011000000001000100110011000001000000000000011001000000111000101010100110100000100000110010010010000
0011000011001000100110011100001100011000000011001010000111000101010100110100000100010011011001110000
0011010001001000100111010100001000000000001011001000000111000101010100110100000100000110000001101001
0001010001001000100110011110001000000010000001001000000111000101010100110100000100000100010100010111
1101101011001000000100001010100010011000000000000000000110110110011111111100110000100110010100000001
1000111001111010101000011100001001000101000000011000011001000000000100000000100011100100011100010010
0000011000111000010111100000010000000101001100001000100010000010010000101000110010100000100001000110
0010011110100111000000000000100000001100010000001010111010101001000101100100001100010000010110010111
0011000101000001000001011000000100100101000001000101001011101100011000010111001011100010100001000101
1010000101001100101001001001000000010110010001001110010010010010001101111000100000001110001001101001
0000010001010001110010010000000011000111001010000001101010010000010101110011010101001000111001110000
0001100000000001000101001010000100111000100101100011010000110100000010100110010100001000000000101110
0111000001001000100110011100001010000000000011001000000111000101010100110100000100001100000010010100
0101100010001011100110000101000011010001100101010100000001010001011000100000101011001000010111010010
0110100010000100101110100100000010001110010111010100100011000000100000000001010100000100000001000101
0010001111110000111111001000110000100010001101000000001110001011000000010010000111000000100000100110
0011000001001001100110011100001100000000000011001000000111000101010100110100000000011000100000001011
0000011000111000010111100010010000000101001100001000100010000010011000101001110011010100100001000110
0100001101100011100110010100000001100011010101000101111000000100001001111010100000000000000010010100
0011000101000001000001011000000100100101010001000101000011101100000101001000001001110000010001100111
0011000000001000100110011100001000000000000011101000001111000101010100110100000100000100011110111111
0100001101000011000110010100000001000011110001000101111000000100010010100000110111000000010010010000
0000000100000000111000101000100100100100110010111000101101000110001001111010100000001010100001000101
1010000101001100101001001001000000010110010001001110010010010010001101111000100000010001000001010000
0100001101100011100110010100000001100011010101000101111000000101101001111010100000101011011111010110
0110000101000010000110000110011010001000110001010011101111000110110101101100110010000100110010010100
0110000101001100100110111100001100000000000011001000000111000001010100110100010110000000100001000110
0011010001001000100110011110001000000010000001001000000111010101010100110100000100000100000010010100
0110100010100100101110100100000010000110010111010100100011000001110000000011000111000101011001110000
0101000001010000000101100000001111110011011010101000101001101000000111101000101001100001001100110101
0011001111110000101111001000110000100010001101000000001110001011000000010010000111000000000000001011
0000011000111000010111100010010000000101001101001000100010000010010000101001110011010100000100000101
0100001101001011000110010100000001000011110101000101111000000100000010000000010111101000100001000110
0011010001001000100110111110001000000010000001001000000111000101010100110100000100000000000001010000
0100001101000011000111010100000001000011110101000101111000000100000010000000010111101000000100000000
1001011111010100010011010111000111001010010000100011010000000000100000010010011100100010001010010100
0011010001001000100110010100001000000000000011001000000111000101010110110100000100000110011000100110
0100000100000000110000101000100100100000110011111000101001000110001001111010100001010010010100010111
0001100000000001000101001010000100111000100101100011010000111100000010100110010100001001000001101001
1000111001111010100000011100101000000101010000011010011001000000010100000000100011111000011001110000
0011000001001001100110011100001100001000000011001000000111100101010100110100100100000000101000111001
0010011111111000101111001000110000000000000011000000001111001011000000010000000101100100000100000101
0100001101100011100110010100000001100011010111000101111000000100001001111010100000000110100001000101
0000010010010101000101010100001100000001001110001111100100000101000100111001001001100000010001100111
0000011000111000010111100010010000000101001100001000100010000010010000101000110010100000010010010000
0000010000010111000101010100001110000001001110001111100101000101000100111000001001110000010110010111
0110000101000010000010000110011000001000110001010111101111000110110000110100000100001100010111010011
0011000001001000100110011100001000000000000011001000000111000101010100101100110010110001001101010011
0110100010000100101110100100000010001110010111010100100011000000100000000000010100001001100110010001
0011000001001000100110111100001100000000000111001010000111000101010100110100000000001110000000000000
1101100011001000000100001010100010011000000000000000000110110110011111111100110000100001100000000000
0010001111110000101111001000110000110010001001011000001111001011000000010010000111100100011000010010
0011000101001000100110011100001101000000000011001000000111000101010100110100010000001011010010010000
0011000011001000100110011100001100011000000011001010000111000101010100110101000100010011000010010100
0101000000010000000101101000000111110011010010101000111001101000000111101000101100100000001100110101
0011000101001000100110011100001100000001000011001000000111000101010100110100000100110101000100000001
0110100010000100101110100100000010001110010111010100100011000000100000000000010100000001100001000110
0011010001001000100110011110001000000010000001001000000111000101010100110100000100000000011001110000
1000111001111010101000011100001001000101000000011000011001000000000100000000100011100110010000100110
0000010001010001110010010000000011000111001010000001101010010000010100110011010101001000000100000001
1101101011001000000100001110100010011000000000000000000110110110011111111100110000100000010110111111
0100001101000011000110010100000001000011110001000101111100000100010010100000110111000100011000010010
0110100010000100101110100100000010001110010111010100100011000000100000000000010100000001100001000110
0011000001001001100110011100001100000000000011001000000111000101110100110100000000011000011001110000
0110100010000100101110100100000010001110010111010100110011000000100000000001010100000100001001101001
0011000101000001000001011000000100100101000001000101001011101100011000010111000011100110000000100110
0100000100000000111000101000100100100100110010111000101101000110001001111010100000010001001000000001
1000111001111010100000011000001001000101100000011000011001000000000100000000100011010001000001010001
0001000001001000100110011110001100001000000011001000001111100101010100110100100100010000000001101001
0011010001001000100110011110001000000010000001001000000111000101010100110100000100000100011011001010
0001000001001000101110011100001101001000000011001000000111100101010100110100100100010001000000100110
1000111001111010100001011000001001000101100000011000011001000001100100000000100011010000011011001010
0011000011001000100110011100001100001000000011001010000111000101010100110100000100010101000100000001
0101000000010000000101101000000111110011010010101000111001101000000111101000101100110011010010010000
0011010001001000100110011110000000000010000000001000000111000101010100110100000100000000101001100001
0110001111111000111111001000110000000000001100000000001111001001000010010000000000000000010001000010
0000111001111010100001011000001001001100100000011000011001000001000100000000100011010001000000010000
0100001101000011000110010100000001000011110101000101111000000100000010000000010111101000000101000100
0000010110010101000101010100001110000001001110001111100101000101000100111100001001110010000100000000
0000010010010101000101010100001100000001001110001111110101000101000100111001001001101000010010010000
