0000000000000000607070000500000000007000000000000000007700000000002200000005040000000400200000011201
0010010101101110001111000010100000000110001001110100000000110101011000000011011101000000001001101000
1110001101011000001110010010111010001010000011001101100000100000000000100000010110000001000010000000
1000010001100110001111000000100100000111101000110000000010100101010000000011010101100000101111010100
0000010111100010001111100010000000100100001001110100000001100101011110000001010101001010101001000111
0010011010101000001111000001110111000010000001001101001000101101011011000000110010000000000010001001
1010100100101101101000010000110101010001000010100010001000101001011001101000011000001001001010000100
0001010011000111001111001010100101000111001001100100001000000101000110010000010111000001000010001001
1001001000010000001110110011110010001110000011001101001011100000010110100000010111000001001001001000
1000001000010000001100110011110010010110000011001101001011010000010110100000010111001010101001000111
0001010011000111001101001110100100000110001001000100001001001101010010000011011001000100101101010100
0100001001000011001011100010100000000101100000110101111010001100100001010000111110000000001001101000
1110001101011000001110010010111010001010000011001101100000100000000000100000010110000000001011101000
0001010011000111011101001110100100000110001001001100001001001101010010000011011010000010101000000111
1000010001101110001111000000100100000111101000110000000010100101010000000011010101101000000000001001
0000010111100010001111100010000000100100001001110100000001100101011110000001010101000001000010001001
1001001000000000001110110011110010000100000011001101001011100000010110100000010111001000101111010100
1010100100101101101000010000110101011001000010100010001000101001011001001000011000001000001001101001
1110001101011000001110010010111010001010000011001101100000100000000000100000010110000010000010001001
0001010011000111001111001010100101000110001001100100001000000101000110000001010101001000101111010100
0000010111100010001111100010000000100100001001110100000001100101011110000111111011110001000010001001
1000001101010000001010110011110010000010000011001101001011100000010110100000010111100010101001000111
1000010001100110011111000000100100000111111000110000000010100101010000000011010101001000101110011100
0000010011100111001111000010100000000110011001110100001000000101010010000011011011000000011001000111
0000010011100111001111000010100000000110011001110100001000000100010010000011011001000001100010001001
1011010100000000001011011000000000000110000010110110000000011101010010110001101000000000101111011100
1000001101010000001010110011110010000010000011001101001011100000010110100000010111001000100010001001
0000010111100010000111110010000000100110001001110101000010100110011000010011011101100010101001000111
0111001000100000001111011010100011100100000011001110000000100100110001001100010101011000101000000110
1011001100100000001000000011100011100100100110010100000000100000110001000011010110000000101101010100
1000001000010000001100010011110010010110000011001101001011110000010110100000010111010001000001000111
0000010011100111001111000010100000000110011000110100001000000101010010000011011010010010001001101000
0100001001000001001011100010100000000101100000101101101010001100100001010000101100010000010001001001
0000010011100010001111100010000000100110001001110100010001100101011110000001010101111000000010001001
1010100100101101101000010000110101011001000010100010001000101001011001001100011000001000000010000100
0000010011100111001111000010100000000110011001110100001000000101010010000011011011000010000010000100
1100001101001000001111010001110010000110001010011101001010000010001001101010110000000010000001101000
0010010011100111001111000010100000000110011001111100001000000101010010000011011010000010001001001000
0010011010101000001111000001110111000010000001001101000000101101001001000000110010000010000001001001
1011100100101101101000010000110101011001000010100110001000101001011100001000011100000000001001001111
0000010011100111001111000010100000000110011001110100001000000100010010000011011001000000011011101000
0010011010101000001111000001110111000010000001001001000000101101011001000000110010001001001001101000
0001010011000111001111001010100101000110001001100100001000000101000010000011110101000000000000001011
1000010111110000001111100010000000100110000001100100000101100111011110000001000101000100001011000000
0100001001100001100011000010100000000101100000110101110010001101100001010000011010000000100101011001
1000001101010000001110110011110010000110000011001101001011100000011110000000010100000000001100010000
1010100100101101101000010000110101011001000010100110001000101001011000001000011111000010101001000111
1000001000010000001100110011110010010110000011001101001011110000000110100000010111000001000110000000
0010010101101110001111000010100000000110001001100100000000110101011000000011011101000000101101010110
0100011001000001001011100010100000000101100000110101111010001100100001010000111110000000101101110100
0001010011000111001111001010100001000110001001100100001000100101000010000111110111000001001010000100
0000010001100011001111100010000000100110001101110100000001100101011110000001010101110010101001000111
1000010001100110001111000000101100000111101000110000000010100101010000000011010101100011000010000100
0000010111110000001111100010000000100110000001100100000101100111011110000001010101000010001001001000
0010011010101000001111000001110111000010000001001101000000101101011001000000110010000000100101011001
1000001000010000001100110011110010010110000011001101001011110000010110100000010110000010000010000101
1100001101001000001111010001110010000110001010011101000010000010001001101010110000000000001101010100
1000001101010000001110110011110010000110000011001101001011100000011110000000010100000000100010001001
1011010100000000001011011000000000000110000010110111000000011101010010110001101011000010101001000111
0000000111110010001111100010000100100110001001110100000001100111011110000011011011000010101000000110
0000010011100111001111000010100000000110011001110100001000000101010010000001010111000001001001001000
0001010001000111001111001010100101000110001001100100001000000101100010010000010110011001101001000111
0001010011001111001101001110100100000110001001000100001001001101010010000011011000001010000001001001
0000010011100111001111000010100000000110011001110100001000000101010010010011011001000001101010000100
0000010111100010000111110010000000100110001001110101000010100110011000010011001101001000100101011001
0001010011000111001111001010100101000110001001100100001000000101001010000011110101000001001010000100
0001010011000111011101001110100100000110001001001100001001001101010010000011011011000001001001101000
0001010011000111001111001010100101000110001000100100001000000101000010000111110111000000101101010100
0001010011000011001111001010100001000110001001100100001000100101000010000111111011110001000010001001
0001010011000111001111001010100111000110101000100100001000000101000110000010010100101000001011000000
0100000001100001100011000010100000000101100000110101110010001101100001010000011010000100001011001000
0010011011001000001111000001110111000010000001001101000000101101001001000000110010000010000001001001
0000010011100111001111000010100000000110011001110100001000000101010010000011011010000010001001001000
0001010011000111001111001010100101000110001001100100011000000101100010000011101011000000101011001110
1000001101001000001111010001110010000110001010011101000010000000001001101010110000000000000010000100
1011000100000001001011011000000000000110000010100111001001011101010010110001101000001010101001000111
0001010011000111001101001110100100000110001001000100001001001101010010000011011001000100101011001110
1000001101010000001010110011110010000010000011001101001011100000010110100000010011000001000010000000
0010010101101110001111000010100000000110001001110100000000110101011000000011011101001000101111011100
0101010011110000000001101010100001111101001001111011000010100010000000100011010110000000001011101000
0000010101101110101111000010100101000010111010100100010100101001000011000000011010000010000010000100
0100001001000001001011100010100000000101100000110111111010001100100001010000111110001000101000010110
0111001000101000001110011010100111000100000011001110000000100100110001001100010101110000001010000000
0000010111100010001111100010010000000110011001110100000001100101110001001100010101100000000010001001
0111001000100000001110011010100011000100000011001110000000100100011111100001000101000100101011001110
1000010111100010001111100010000000100110001001110100000001100101011110000001010101000010000010000100
1000001000010000001110110011110010000111000011001101001011100000010110110000110111101000101111010100
1001001001010000001010110011110010000110000011001101111011100000000010000011110101000001001001101000
0001010011000111001111001010100101000110001001100100001000000101010000000111111011111001001010101000
0000010101100110000111000010100100010110001001110100001100110111010000101010011011000010101000000110
0000010011100111001111000010100000000110011001110100001000000101110010000011011011010000101001000110
0000010011100111001111000010100000000110011001110100001000000101010010010011011001000000000001001001
0000010011100111001111000010100000000110011001110100001000000101010010000011011010000010100101011001
0100001001000001001011100010100000000101100000100101111010001100100001010000101100010001010000101100
0001110101100101101011010000000101101001100000111000000000000010001000110011101100000000001001101000
1000001001010000001110110011110010000110000001001101111000000101100010000011101011000000000010000100
0001010011000111001011001010100101000110001001110100011011100001110010000001011110010000101000000110
0110011101001110100011000000100100000110001011110100000000110111010000000111010101000100101011001110
0010011010101000000111000001110111000010000001001101000000101101011001000000110110000000100010001001
1000000000010000001100110011110010010110000011001101001011110000010010100000010111000001001010000100
0010011010101000001111000001110111000010000001001101000000101101011001000000110010000000101101010100
